rep  sol1    obj1    sol2    obj2    sol3    obj3    
0   (2, 5, 8, 10, 20, 23, 24, 26, )
 3115.313033   (2, 3, 5, 8, 10, 14, 23, 24, )
 3038.067761   
1   (2, 3, 5, 8, 10, 13, 14, 23, 24, )
 3104.614388   (2, 5, 8, 10, 20, 23, 24, 26, )
 3149.289474   
2   (5, 8, 10, 14, 23, 24, )
 3100.981664   (2, 5, 8, 10, 20, 23, 24, 26, )
 3114.898093   
3   (5, 8, 14, 23, 24, 26, )
 3111.807173   (2, 5, 8, 10, 20, 23, 24, 26, )
 3155.357125   
4   (2, 5, 8, 14, 23, 24, 26, )
 3043.203166   (2, 5, 8, 10, 20, 23, 24, 26, )
 3115.743303   
5   (2, 5, 8, 10, 23, 24, )
 3095.234002   (2, 5, 8, 10, 20, 23, 24, 26, )
 3159.580263   
6   (5, 8, 10, 14, 20, 23, 24, 26, )
 3184.821451   (2, 5, 8, 10, 20, 23, 24, 26, )
 3034.232446   
7   (5, 8, 10, 14, 20, 23, 24, )
 3118.156683   (2, 5, 8, 10, 20, 23, 24, 26, )
 3103.903589   
8   (2, 5, 8, 10, 20, 23, 24, 26, )
 3040.977068   (5, 8, 10, 14, 20, 23, 24, 26, )
 3156.065202   
9   (2, 5, 8, 10, 20, 23, 24, 26, )
 3096.244690   (2, 3, 5, 8, 10, 14, 23, 24, 26, )
 3083.727480   
10   (2, 5, 8, 10, 20, 23, 24, )
 3164.199051   (2, 5, 8, 10, 20, 23, 24, 26, )
 3093.501049   
11   (5, 8, 10, 14, 20, 23, 24, 26, )
 3033.929725   (5, 8, 10, 14, 23, 24, 26, )
 3056.742258   
12   (2, 3, 5, 8, 10, 14, 23, 24, )
 3102.966042   (2, 5, 8, 10, 20, 23, 24, 26, )
 3144.438867   
13   (2, 5, 8, 10, 20, 23, 24, 26, )
 3081.970301   (5, 8, 10, 14, 23, 24, 26, )
 3112.169778   
14   (2, 5, 8, 10, 20, 23, 24, 26, )
 3127.469385   (5, 8, 14, 23, 24, 26, )
 3090.951059   
15   (2, 5, 8, 10, 20, 23, 24, 26, )
 3064.143727   (2, 5, 8, 10, 11, 20, 23, 24, 26, )
 3100.984547   
16   (2, 5, 8, 10, 20, 23, 24, 26, )
 3045.091071   (2, 5, 8, 10, 14, 23, 24, 26, )
 3114.961908   
17   (2, 5, 8, 10, 20, 23, 24, 26, )
 3072.986368   (5, 8, 10, 14, 23, 24, 26, )
 3103.121041   
18   (5, 8, 10, 14, 20, 23, 24, 26, )
 3125.953392   (5, 8, 14, 23, 24, 26, )
 3085.615861   
19   (2, 5, 8, 10, 20, 23, 24, 26, )
 3036.016166   (5, 8, 10, 14, 20, 23, 24, 26, )
 3060.607386   
20   (5, 8, 10, 14, 23, 24, 26, )
 3095.895444   (2, 5, 8, 10, 20, 23, 24, 26, )
 3066.499750   
21   (2, 5, 8, 10, 20, 23, 24, 26, )
 3107.493766   (2, 5, 8, 10, 14, 20, 23, 24, )
 3145.282925   
22   (2, 5, 8, 10, 20, 23, 24, 26, )
 3164.969834   (2, 3, 5, 8, 10, 23, 24, 26, )
 3124.580595   
23   (2, 5, 8, 10, 20, 23, 24, 26, )
 3104.462629   (2, 5, 8, 14, 23, 24, 26, )
 3062.881312   
24   (2, 5, 8, 10, 14, 20, 23, 24, )
 3145.018444   (2, 5, 8, 10, 20, 23, 24, 26, )
 3087.615585   
25   (5, 8, 10, 14, 20, 23, 24, 26, )
 3121.664836   (2, 5, 8, 10, 20, 23, 24, 26, )
 3025.070467   
26   (2, 5, 8, 10, 14, 20, 23, 24, )
 3086.445108   (2, 5, 8, 10, 20, 23, 24, 26, )
 3070.349234   
27   (2, 5, 8, 10, 20, 23, 24, 26, )
 3039.189221   (5, 8, 10, 14, 20, 23, 24, 26, )
 3077.654439   
28   (2, 3, 5, 8, 10, 14, 20, 23, 24, 26, )
 3072.049137   (5, 8, 10, 14, 20, 23, 24, 26, )
 3095.867629   
29   (2, 5, 8, 10, 20, 23, 24, 26, )
 3068.972856   (2, 5, 8, 10, 14, 23, 24, 26, )
 3147.194691   


 solution    sample_size mean    stdev
(2, 5, 8, 10, 20, 23, 24, 26, )
 2000  3039.871853  2.432907

(2, 3, 5, 8, 10, 14, 23, 24, )
 83  3112.456628  14.268616

(2, 3, 5, 8, 10, 13, 14, 23, 24, )
 26  3192.154498  22.650284

(5, 8, 10, 14, 23, 24, )
 29  3117.627580  24.705110

(5, 8, 14, 23, 24, 26, )
 20  3120.523738  24.703351

(2, 5, 8, 14, 23, 24, 26, )
 144  3121.979399  9.192858

(2, 5, 8, 10, 23, 24, )
 35  3142.859770  18.773137

(5, 8, 10, 14, 20, 23, 24, 26, )
 1699  3047.824425  2.586818

(5, 8, 10, 14, 20, 23, 24, )
 20  3150.183786  21.144690

(2, 3, 5, 8, 10, 14, 23, 24, 26, )
 57  3094.711384  14.956612

(2, 5, 8, 10, 20, 23, 24, )
 120  3081.312589  9.611973

(5, 8, 10, 14, 23, 24, 26, )
 394  3058.844590  5.436978

(2, 5, 8, 10, 11, 20, 23, 24, 26, )
 554  3056.711844  4.312847

(2, 5, 8, 10, 14, 23, 24, 26, )
 38  3089.866169  16.656242

(2, 5, 8, 10, 14, 20, 23, 24, )
 53  3073.579057  14.475302

(2, 3, 5, 8, 10, 23, 24, 26, )
 18  3170.080037  25.219654

(2, 3, 5, 8, 10, 14, 20, 23, 24, 26, )
 134  3083.288112  8.146258

