(8, 20, 26, 31, 32, 34, 44, )
(8, 20, 26, 31, 32, 34, 44, )
(2, 8, 20, 26, 31, 32, 34, 44, )
(2, 8, 26, 31, 32, 34, 44, )
(2, 8, 20, 26, 31, 32, 34, 44, )
(8, 20, 26, 31, 32, 34, 44, )
(2, 8, 26, 31, 32, 34, 44, )
(8, 26, 31, 32, 34, 44, )
(2, 8, 20, 26, 31, 32, 34, 44, )
(2, 8, 26, 31, 32, 34, 44, )
(2, 8, 20, 26, 31, 32, 34, 44, )
(2, 8, 26, 31, 32, 34, 44, )
(2, 8, 26, 31, 32, 34, 44, )
(2, 8, 26, 31, 32, 34, 44, )
(8, 26, 31, 32, 34, 44, )
(2, 8, 26, 31, 32, 34, 44, )
(2, 8, 26, 31, 32, 34, 44, )
(8, 20, 26, 31, 32, 34, 44, )
(2, 8, 26, 31, 32, 34, 44, )
(8, 26, 31, 32, 34, 44, )
(8, 20, 26, 31, 32, 34, 44, )
(2, 8, 26, 31, 32, 34, 44, )
(2, 8, 20, 26, 31, 32, 34, 44, )
(2, 8, 20, 26, 31, 32, 34, 44, )
(2, 8, 20, 26, 31, 32, 34, 44, )
(2, 8, 26, 31, 32, 34, 44, )
(2, 8, 26, 31, 32, 34, 44, )
(2, 8, 26, 31, 32, 34, 44, )
(2, 8, 20, 26, 31, 32, 34, 44, )
(2, 8, 26, 31, 32, 34, 44, )

----------------------------------------- Final solution by OCBA method(1-indexed) --------------------------------------

(2, 8, 20, 26, 31, 32, 34, 44, )
