rep  sol1    obj1    sol2    obj2    sol3    obj3    
0   (8, 20, 28, 31, 34, 44, )
 2764.786713   (8, 20, 26, 31, 32, 34, 44, )
 2768.482185   
1   (8, 10, 20, 26, 32, 34, )
 2780.374306   (8, 20, 26, 31, 32, 34, 44, )
 2797.011552   
2   (2, 8, 20, 26, 31, 32, 34, 44, )
 2760.671539   (8, 10, 20, 26, 31, 32, 34, )
 2760.034282   
3   (2, 8, 26, 31, 32, 34, 44, )
 2791.370285   (2, 8, 20, 26, 31, 32, 34, 44, )
 2836.838626   
4   (2, 8, 20, 26, 31, 32, 34, 44, )
 2811.605008   (8, 26, 31, 32, 34, 44, )
 2817.646802   
5   (3, 8, 26, 31, 32, 34, )
 2797.082604   (8, 20, 26, 31, 32, 34, 44, )
 2820.156518   
6   (8, 10, 20, 26, 32, 34, )
 2804.749142   (2, 8, 26, 31, 32, 34, 44, )
 2827.204931   
7   (3, 8, 13, 26, 31, 32, 34, 44, )
 2791.207090   (8, 26, 31, 32, 34, 44, )
 2840.714610   
8   (2, 8, 20, 26, 31, 32, 34, 44, )
 2759.709511   (2, 3, 8, 20, 26, 32, 34, )
 2759.950295   
9   (2, 8, 26, 31, 32, 34, 44, )
 2827.594373   (8, 10, 20, 24, 26, 31, 34, )
 2812.711543   
10   (8, 10, 20, 26, 31, 32, 34, )
 2789.898464   (2, 8, 20, 26, 31, 32, 34, 44, )
 2791.494024   
11   (2, 8, 26, 31, 32, 34, 44, )
 2812.698064   (2, 8, 10, 20, 26, 32, 34, 44, )
 2757.620225   
12   (2, 8, 20, 26, 31, 32, 34, 44, )
 2760.372439   (2, 8, 26, 31, 32, 34, 44, )
 2757.532529   
13   (2, 8, 26, 31, 32, 34, 44, )
 2781.800852   (8, 20, 26, 31, 32, 34, 44, )
 2781.486152   
14   (8, 26, 31, 32, 34, 44, )
 2775.876143   (2, 8, 24, 26, 31, 34, 44, )
 2784.243435   
15   (2, 8, 26, 31, 32, 34, 44, )
 2804.545998   (3, 8, 20, 26, 32, 34, )
 2815.053018   
16   (2, 8, 26, 31, 32, 34, 44, )
 2809.242029   (2, 8, 10, 26, 31, 32, 34, )
 2834.829308   
17   (8, 10, 20, 24, 26, 31, 32, 34, )
 2780.374306   (8, 20, 26, 31, 32, 34, 44, )
 2789.474482   
18   (2, 8, 28, 31, 34, 44, )
 2794.060436   (2, 8, 26, 31, 32, 34, 44, )
 2789.530203   
19   (8, 26, 31, 32, 34, 44, )
 2776.313623   (8, 24, 28, 31, 34, 44, )
 2835.870909   
20   (8, 20, 26, 31, 32, 34, 44, )
 2788.892277   (8, 10, 26, 31, 32, 34, )
 2796.882170   
21   (2, 8, 26, 31, 32, 34, 44, )
 2784.513431   (2, 8, 20, 26, 31, 32, 34, 44, )
 2800.847481   
22   (2, 3, 8, 10, 24, 26, 31, 32, 34, )
 2810.505633   (2, 8, 20, 26, 31, 32, 34, 44, )
 2850.155713   
23   (2, 8, 20, 26, 31, 32, 34, 44, )
 2805.696928   (2, 3, 8, 26, 32, 34, 44, )
 2787.098306   
24   (2, 8, 20, 26, 31, 32, 34, 44, )
 2827.242493   (2, 3, 8, 26, 34, 44, )
 2832.035157   
25   (2, 8, 10, 26, 31, 32, 34, )
 2789.644680   (2, 8, 26, 31, 32, 34, 44, )
 2778.035184   
26   (2, 8, 26, 31, 32, 34, 44, )
 2849.009265   (2, 3, 8, 32, 34, 44, )
 2784.879134   
27   (2, 8, 20, 26, 31, 32, 34, 44, )
 2800.198136   (2, 8, 26, 31, 32, 34, 44, )
 2781.744414   
28   (2, 8, 10, 20, 26, 32, 34, )
 2769.438285   (2, 8, 20, 26, 31, 32, 34, 44, )
 2789.815827   
29   (2, 8, 10, 20, 26, 31, 32, 34, )
 2803.115148   (2, 8, 26, 31, 32, 34, 44, )
 2804.154043   


 solution    sample_size mean    stdev
(8, 20, 28, 31, 34, 44, )
 114  2816.259997  10.276979

(8, 20, 26, 31, 32, 34, 44, )
 597  2792.590566  4.759096

(8, 10, 20, 26, 32, 34, )
 62  2814.928349  11.389509

(2, 8, 20, 26, 31, 32, 34, 44, )
 2000  2779.179860  2.404427

(8, 10, 20, 26, 31, 32, 34, )
 93  2796.568812  9.803175

(2, 8, 26, 31, 32, 34, 44, )
 382  2793.271113  5.203246

(8, 26, 31, 32, 34, 44, )
 1393  2788.949884  2.904909

(3, 8, 26, 31, 32, 34, )
 10  2856.844442  26.758961

(3, 8, 13, 26, 31, 32, 34, 44, )
 11  2887.652680  28.217343

(2, 3, 8, 20, 26, 32, 34, )
 421  2798.011097  5.121914

(8, 10, 20, 24, 26, 31, 34, )
 25  2845.837195  26.642258

(2, 8, 10, 20, 26, 32, 34, 44, )
 243  2829.267629  6.920542

(2, 8, 24, 26, 31, 34, 44, )
 319  2796.407640  6.040699

(3, 8, 20, 26, 32, 34, )
 39  2822.378700  15.333507

(2, 8, 10, 26, 31, 32, 34, )
 1686  2785.678528  2.576969

(8, 10, 20, 24, 26, 31, 32, 34, )
 430  2802.546701  5.194290

(2, 8, 28, 31, 34, 44, )
 48  2819.734843  16.505757

(8, 24, 28, 31, 34, 44, )
 38  2803.470758  15.746127

(8, 10, 26, 31, 32, 34, )
 21  2852.419628  27.738714

(2, 3, 8, 10, 24, 26, 31, 32, 34, )
 10  2887.328881  34.425186

(2, 3, 8, 26, 32, 34, 44, )
 27  2817.517145  17.229902

(2, 3, 8, 26, 34, 44, )
 38  2844.882122  20.212693

(2, 3, 8, 32, 34, 44, )
 11  2877.802192  30.491382

(2, 8, 10, 20, 26, 32, 34, )
 231  2799.966339  6.778692

(2, 8, 10, 20, 26, 31, 32, 34, )
 15  2807.962195  22.614423

