rep  sol1    obj1    sol2    obj2    sol3    obj3    
0   (2, 8, 20, 26, 31, 32, 34, 44, )
 2790.199856   (8, 24, 26, 31, 32, 34, 44, )
 2799.341857   
1   (2, 8, 20, 24, 26, 32, 34, 44, )
 2803.921440   (2, 8, 20, 26, 31, 32, 34, 44, )
 2805.888621   
2   (2, 8, 20, 26, 31, 34, 38, 44, )
 2774.728225   (2, 8, 26, 31, 32, 34, 44, )
 2836.240194   
3   (2, 8, 20, 26, 31, 32, 34, 44, )
 2808.268945   (8, 13, 20, 26, 31, 32, 34, 44, )
 2851.890767   
4   (2, 8, 20, 26, 31, 32, 34, 44, )
 2793.834123   (2, 3, 8, 20, 26, 32, 34, 44, )
 2781.417006   
5   (2, 8, 26, 31, 32, 34, 44, )
 2789.180982   (2, 3, 8, 20, 26, 32, 34, )
 2788.942864   
6   (8, 20, 26, 31, 32, 34, 44, )
 2778.624785   (2, 8, 10, 20, 26, 31, 32, 34, )
 2782.470161   
7   (2, 8, 10, 26, 31, 32, 34, )
 2839.037611   (2, 8, 20, 26, 31, 32, 34, 44, )
 2781.991226   
8   (2, 8, 10, 20, 26, 31, 32, 34, )
 2805.730014   (2, 8, 26, 31, 32, 34, 44, )
 2780.547087   
9   (8, 10, 20, 26, 31, 32, 34, )
 2782.220639   (2, 8, 20, 26, 31, 32, 34, 44, )
 2781.161955   
10   (2, 8, 20, 26, 31, 32, 34, 44, )
 2816.333511   (2, 8, 10, 26, 31, 32, 34, 44, )
 2776.689572   
11   (2, 8, 10, 24, 26, 31, 32, 34, )
 2827.692207   (2, 8, 20, 26, 31, 32, 34, 44, )
 2790.034972   
12   (3, 8, 26, 31, 32, 34, )
 2854.377409   (2, 8, 20, 26, 31, 32, 34, 44, )
 2806.547105   
13   (8, 20, 24, 26, 31, 32, 34, 44, )
 2810.624764   (2, 8, 26, 31, 32, 34, 44, )
 2795.218356   
14   (8, 10, 28, 31, 34, )
 2814.629443   (2, 8, 20, 26, 31, 32, 34, 44, )
 2811.278845   
15   (2, 8, 26, 31, 32, 34, 44, )
 2783.277358   (8, 26, 31, 32, 34, 44, )
 2784.662323   
16   (2, 8, 26, 31, 32, 34, 44, )
 2779.541613   (2, 8, 10, 26, 31, 32, 34, )
 2831.431043   
17   (2, 8, 20, 26, 31, 32, 34, 44, )
 2783.129977   (2, 8, 10, 26, 31, 32, 34, )
 2815.053389   
18   (2, 8, 20, 26, 31, 32, 34, 44, )
 2777.476118   (2, 8, 26, 31, 32, 34, 44, )
 2781.775660   
19   (2, 8, 10, 20, 24, 26, 31, 34, )
 2783.833878   (2, 8, 20, 26, 31, 32, 34, 44, )
 2802.825303   
20   (2, 3, 8, 20, 24, 26, 32, 34, 44, )
 2873.103158   (2, 8, 20, 26, 31, 32, 34, 44, )
 2804.302426   
21   (8, 20, 24, 26, 31, 32, 34, 44, )
 2779.402354   (2, 8, 20, 26, 31, 32, 34, 44, )
 2789.537584   
22   (2, 8, 20, 26, 31, 32, 34, 44, )
 2778.437724   (2, 8, 9, 26, 31, 32, 34, 44, )
 2786.111928   
23   (2, 8, 10, 13, 26, 32, 34, 44, )
 2774.691695   (2, 8, 26, 31, 32, 34, 44, )
 2855.348953   
24   (2, 8, 20, 26, 31, 32, 34, 44, )
 2787.190245   (8, 20, 26, 31, 32, 34, 44, )
 2785.017408   
25   (2, 8, 26, 31, 32, 34, 44, )
 2824.256732   (2, 8, 13, 20, 24, 26, 31, 34, 44, )
 2784.297310   
26   (8, 26, 31, 32, 34, 44, )
 2804.761113   (2, 8, 20, 26, 31, 32, 34, 44, )
 2787.423958   
27   (2, 8, 9, 26, 31, 32, 34, 44, )
 2784.311216   (2, 8, 20, 26, 31, 32, 34, 44, )
 2782.293899   
28   (8, 10, 20, 26, 31, 32, 34, )
 2803.494382   (2, 8, 26, 31, 32, 34, 44, )
 2787.985520   
29   (8, 10, 20, 26, 31, 34, 44, )
 2782.274491   (2, 8, 20, 26, 31, 32, 34, 44, )
 2855.785157   


 solution    sample_size mean    stdev
(2, 8, 20, 26, 31, 32, 34, 44, )
 4000  2778.334212  0.216698

(8, 24, 26, 31, 32, 34, 44, )
 31  2787.700790  2.846589

(2, 8, 20, 24, 26, 32, 34, 44, )
 10  2797.679190  3.449831

(2, 8, 20, 26, 31, 34, 38, 44, )
 259  2840.304524  0.877506

(2, 8, 26, 31, 32, 34, 44, )
 4034  2778.570433  0.217349

(8, 13, 20, 26, 31, 32, 34, 44, )
 10  2801.138607  2.603416

(2, 3, 8, 20, 26, 32, 34, 44, )
 31  2793.134731  2.552247

(2, 3, 8, 20, 26, 32, 34, )
 29  2786.590039  2.336537

(8, 20, 26, 31, 32, 34, 44, )
 92  2783.840287  1.354622

(2, 8, 10, 20, 26, 31, 32, 34, )
 90  2781.428095  1.490667

(2, 8, 10, 26, 31, 32, 34, )
 390  2781.358869  0.739866

(8, 10, 20, 26, 31, 32, 34, )
 10  2788.888301  2.614773

(2, 8, 10, 26, 31, 32, 34, 44, )
 10  2819.310739  5.201575

(2, 8, 10, 24, 26, 31, 32, 34, )
 16  2790.273660  3.754928

(3, 8, 26, 31, 32, 34, )
 10  2805.878539  3.218980

(8, 20, 24, 26, 31, 32, 34, 44, )
 30  2790.501345  2.561375

(8, 10, 28, 31, 34, )
 10  2809.436983  3.174586

(8, 26, 31, 32, 34, 44, )
 164  2782.433126  1.065897

(2, 8, 10, 20, 24, 26, 31, 34, )
 16  2794.818445  3.469165

(2, 3, 8, 20, 24, 26, 32, 34, 44, )
 10  2803.932828  2.939349

(2, 8, 9, 26, 31, 32, 34, 44, )
 221  2781.348377  0.957736

(2, 8, 10, 13, 26, 32, 34, 44, )
 261  2861.124467  0.871131

(2, 8, 13, 20, 24, 26, 31, 34, 44, )
 10  2817.441002  4.449492

(8, 10, 20, 26, 31, 34, 44, )
 10  2855.258157  3.350287

