rep  sol1    obj1    sol2    obj2    sol3    obj3    
0   (23, 26, 31, 34, 44, 46, 49, )
 2714.241298   (3, 8, 23, 26, 34, )
 2701.389180   
1   (23, 26, 31, 34, 44, 46, 49, )
 2636.472859   (10, 23, 26, 31, 34, 46, 49, )
 2639.273032   
2   (20, 23, 26, 31, 34, 44, 49, )
 2614.935030   (20, 23, 26, 31, 34, 44, 45, 49, )
 2615.403402   
3   (23, 26, 31, 34, 44, 46, 49, )
 2621.245558   (8, 23, 26, 31, 34, 44, 46, 49, )
 2649.345260   
4   (20, 23, 26, 31, 34, 44, 49, )
 2618.624975   (10, 23, 26, 34, 46, 49, )
 2607.148708   
5   (9, 23, 26, 31, 34, 44, 49, )
 2721.180924   (20, 23, 26, 31, 34, 44, 49, )
 2683.994843   
6   (20, 23, 26, 31, 34, 44, 49, )
 2665.175306   (10, 20, 23, 26, 31, 34, 44, 49, )
 2655.234756   
7   (10, 20, 23, 26, 31, 34, 46, 49, )
 2674.159644   (23, 26, 31, 34, 44, 46, 49, )
 2634.707927   
8   (10, 20, 23, 26, 31, 34, 46, 49, )
 2640.623053   (23, 26, 31, 34, 44, 46, 49, )
 2641.099935   
9   (23, 26, 31, 34, 44, 46, 49, )
 2610.900687   (8, 23, 26, 31, 34, 44, 46, 49, )
 2618.572447   
10   (20, 23, 26, 31, 34, 44, 49, )
 2642.130960   (23, 26, 31, 34, 44, 46, 49, )
 2668.411792   
11   (10, 23, 26, 31, 34, 46, 47, 49, )
 2651.809249   (23, 26, 31, 34, 44, 46, 49, )
 2641.669638   
12   (20, 23, 26, 31, 34, 44, 49, )
 2631.985573   (20, 23, 26, 31, 34, 44, 45, )
 2644.190649   
13   (23, 26, 31, 34, 44, 46, 49, )
 2603.313555   (20, 23, 26, 31, 34, 44, 46, 47, 49, )
 2606.194888   
14   (10, 20, 23, 26, 31, 34, 46, 47, 49, )
 2655.367431   (23, 26, 31, 34, 44, 46, 49, )
 2660.797705   
15   (20, 23, 26, 31, 34, 44, 45, 49, )
 2642.355898   (20, 23, 26, 31, 34, 44, 49, )
 2645.925295   
16   (3, 8, 20, 23, 26, 34, 49, )
 2656.002772   (20, 23, 26, 31, 34, 44, 49, )
 2653.044805   
17   (8, 10, 23, 26, 31, 34, 46, 49, )
 2637.800032   (23, 26, 31, 34, 44, 46, 49, )
 2638.522182   
18   (20, 23, 26, 31, 34, 44, 49, )
 2635.509650   (8, 10, 20, 23, 26, 34, 49, )
 2640.381908   
19   (8, 20, 23, 26, 31, 34, 44, 49, )
 2631.755504   (20, 23, 26, 31, 34, 44, 49, )
 2623.060801   
20   (23, 26, 31, 34, 44, 46, 49, )
 2654.571778   (20, 23, 26, 31, 34, 44, 49, )
 2636.331735   
21   (20, 23, 26, 31, 34, 44, 45, 49, )
 2625.743864   (20, 23, 26, 31, 34, 44, 49, )
 2627.794427   
22   (3, 20, 23, 26, 34, 46, )
 2633.577732   (23, 26, 31, 34, 44, 46, 49, )
 2637.337583   
23   (23, 26, 31, 34, 44, 46, 49, )
 2632.605135   (8, 10, 23, 26, 31, 34, 46, 47, 49, )
 2661.452232   
24   (3, 8, 20, 23, 26, 34, 45, 49, )
 2656.342612   (23, 26, 31, 34, 44, 46, 49, )
 2664.332615   
25   (9, 23, 26, 31, 34, 44, 49, )
 2645.719776   (20, 23, 26, 31, 34, 44, 49, )
 2642.856712   
26   (20, 23, 26, 31, 34, 44, 49, )
 2601.614885   (3, 23, 26, 34, 46, 49, )
 2637.604804   
27   (20, 23, 26, 31, 34, 44, 49, )
 2629.703368   (20, 23, 26, 31, 34, 44, 46, 49, )
 2633.308803   
28   (20, 23, 26, 31, 34, 44, 49, )
 2636.889187   (10, 23, 26, 31, 34, 46, )
 2631.484716   
29   (20, 23, 26, 31, 34, 44, 45, 46, )
 2654.148637   (10, 23, 26, 31, 34, 45, 46, 49, )
 2649.914458   


 solution    sample_size mean    stdev
(23, 26, 31, 34, 44, 46, 49, )
 12000  2628.359490  0.835029

(3, 8, 23, 26, 34, )
 10  2720.441421  24.185317

(10, 23, 26, 31, 34, 46, 49, )
 11162  2630.439383  0.870028

(20, 23, 26, 31, 34, 44, 49, )
 4021  2631.574356  1.485348

(20, 23, 26, 31, 34, 44, 45, 49, )
 209  2643.177157  5.977419

(8, 23, 26, 31, 34, 44, 46, 49, )
 1032  2634.782848  2.671676

(10, 23, 26, 34, 46, 49, )
 509  2650.191663  4.143950

(9, 23, 26, 31, 34, 44, 49, )
 112  2654.403391  9.324629

(10, 20, 23, 26, 31, 34, 44, 49, )
 66  2668.013910  10.793165

(10, 20, 23, 26, 31, 34, 46, 49, )
 1284  2633.987968  2.520647

(10, 23, 26, 31, 34, 46, 47, 49, )
 445  2638.718463  4.208671

(20, 23, 26, 31, 34, 44, 45, )
 15  2703.213583  24.726824

(20, 23, 26, 31, 34, 44, 46, 47, 49, )
 614  2638.720476  3.652434

(10, 20, 23, 26, 31, 34, 46, 47, 49, )
 337  2640.282218  4.938750

(3, 8, 20, 23, 26, 34, 49, )
 889  2636.457453  3.048556

(8, 10, 23, 26, 31, 34, 46, 49, )
 189  2644.570617  6.503673

(8, 10, 20, 23, 26, 34, 49, )
 299  2658.225568  5.417432

(8, 20, 23, 26, 31, 34, 44, 49, )
 188  2646.806349  7.133493

(3, 20, 23, 26, 34, 46, )
 143  2652.657251  8.189098

(8, 10, 23, 26, 31, 34, 46, 47, 49, )
 22  2665.769588  14.660600

(3, 8, 20, 23, 26, 34, 45, 49, )
 102  2658.939300  9.005861

(3, 23, 26, 34, 46, 49, )
 2263  2633.683487  1.973146

(20, 23, 26, 31, 34, 44, 46, 49, )
 2602  2632.897260  1.817648

(10, 23, 26, 31, 34, 46, )
 256  2646.289553  6.578166

(20, 23, 26, 31, 34, 44, 45, 46, )
 28  2665.524149  15.291236

(10, 23, 26, 31, 34, 45, 46, 49, )
 548  2638.026767  3.603458