rep  sol1    obj1    sol2    obj2    sol3    obj3    
0   (2, 8, 24, 26, 31, 32, 34, 44, )
 2766.546831   (2, 8, 20, 26, 31, 32, 34, 44, )
 2769.361711   
1   (2, 8, 26, 31, 32, 34, 44, )
 2813.735584   (2, 8, 20, 24, 26, 28, 34, 44, )
 2782.005598   
2   (2, 8, 20, 26, 31, 32, 34, 44, )
 2795.908034   (2, 3, 8, 20, 26, 32, 34, )
 2788.221332   
3   (2, 8, 20, 26, 31, 32, 34, 44, )
 2808.770841   (2, 3, 8, 20, 26, 32, 34, )
 2832.152636   
4   (2, 8, 20, 26, 31, 34, 44, )
 2806.510617   (2, 8, 26, 31, 32, 34, 44, )
 2802.079729   
5   (2, 8, 20, 24, 26, 32, 34, 44, )
 2823.734765   (2, 8, 26, 31, 32, 34, 44, )
 2796.854918   
6   (2, 8, 20, 24, 26, 31, 32, 34, 44, )
 2768.033580   (2, 8, 20, 26, 31, 32, 34, 44, )
 2770.465848   
7   (2, 8, 9, 13, 20, 26, 31, 32, 34, 44, )
 2791.957689   (2, 8, 20, 26, 31, 32, 34, 44, )
 2859.478697   
8   (2, 8, 20, 24, 26, 34, 44, )
 2811.681568   (2, 8, 20, 26, 31, 32, 34, 44, )
 2802.119326   
9   (2, 8, 20, 26, 31, 32, 34, 44, )
 2839.670046   (2, 8, 20, 25, 26, 31, 32, 34, 44, )
 2803.577366   
10   (2, 8, 20, 26, 31, 32, 34, 44, )
 2803.211193   (2, 8, 20, 24, 26, 31, 34, 44, )
 2826.416065   
11   (2, 8, 20, 26, 31, 32, 34, 44, )
 2782.950368   (2, 8, 10, 20, 26, 31, 32, 34, 44, )
 2780.936577   
12   (2, 8, 20, 26, 31, 32, 34, 44, )
 2821.247116   (2, 8, 13, 24, 26, 31, 34, 44, )
 2799.504685   
13   (2, 8, 26, 31, 32, 34, 44, )
 2824.257039   (2, 8, 20, 26, 28, 31, 34, 44, )
 2788.041514   
14   (2, 8, 20, 26, 31, 32, 34, 44, )
 2802.412511   (2, 3, 8, 24, 26, 31, 32, 34, )
 2821.085594   
15   (2, 8, 9, 10, 13, 20, 26, 28, 34, 44, )
 2801.288915   (2, 8, 20, 26, 31, 32, 34, 44, )
 2937.985144   
16   (2, 8, 20, 24, 26, 31, 34, 44, )
 2764.536943   (2, 8, 20, 26, 31, 32, 34, 44, )
 2778.455406   
17   (2, 8, 20, 24, 26, 32, 34, 44, )
 2832.979208   (2, 8, 26, 31, 32, 34, 44, )
 2796.902735   
18   (2, 8, 20, 26, 31, 32, 34, 44, )
 2791.728107   (2, 3, 8, 20, 26, 32, 34, )
 2803.003210   
19   (2, 8, 24, 26, 31, 32, 34, 44, )
 2772.615018   (2, 8, 26, 31, 32, 34, 44, )
 2752.865496   
20   (2, 8, 20, 24, 26, 28, 31, 32, 38, 44, )
 2783.282074   (2, 8, 20, 26, 31, 32, 34, 44, )
 2904.342734   
21   (2, 8, 20, 26, 31, 32, 34, 44, )
 2804.528526   (2, 3, 8, 26, 32, 34, )
 2833.565857   
22   (2, 8, 13, 26, 32, 34, 44, )
 2829.612636   (2, 8, 20, 26, 31, 32, 34, 44, )
 2839.288579   
23   (2, 8, 20, 26, 31, 32, 34, 44, )
 2782.506768   (2, 3, 8, 24, 26, 32, 34, 44, )
 2782.940131   
24   (2, 8, 23, 24, 26, 32, 34, 44, )
 2805.888011   (2, 8, 20, 23, 26, 31, 32, 34, 44, )
 2807.741988   
25   (2, 8, 26, 31, 32, 34, 44, )
 2764.682671   (2, 8, 24, 26, 31, 32, 34, 44, )
 2789.749442   
26   (2, 8, 20, 26, 31, 32, 34, 44, )
 2775.513318   (2, 3, 8, 20, 26, 32, 34, )
 2853.226078   
27   (2, 3, 8, 26, 31, 32, 34, 44, )
 2765.492004   (2, 8, 20, 26, 31, 32, 34, 44, )
 2792.301833   
28   (2, 8, 26, 31, 32, 34, 44, )
 2836.617545   (2, 3, 8, 13, 20, 26, 31, 32, 34, )
 2815.609849   
29   (2, 8, 13, 20, 26, 31, 32, 34, 44, )
 2808.492319   (2, 8, 20, 26, 31, 32, 34, 44, )
 2796.228950   


 solution    sample_size mean    stdev
(2, 8, 24, 26, 31, 32, 34, 44, )
 832  2780.820287  3.375403

(2, 8, 20, 26, 31, 32, 34, 44, )
 10000  2772.916431  1.006800

(2, 8, 26, 31, 32, 34, 44, )
 9286  2774.986165  1.050448

(2, 8, 20, 24, 26, 28, 34, 44, )
 29  2817.908219  17.018035

(2, 3, 8, 20, 26, 32, 34, )
 2880  2777.482281  1.931274

(2, 8, 20, 26, 31, 34, 44, )
 183  2798.562045  7.156198

(2, 8, 20, 24, 26, 32, 34, 44, )
 80  2799.032309  10.690936

(2, 8, 20, 24, 26, 31, 32, 34, 44, )
 271  2788.155590  5.542352

(2, 8, 9, 13, 20, 26, 31, 32, 34, 44, )
 27  2832.850866  22.352593

(2, 8, 20, 24, 26, 34, 44, )
 56  2803.933108  12.156972

(2, 8, 20, 25, 26, 31, 32, 34, 44, )
 11  2855.906288  22.386051

(2, 8, 20, 24, 26, 31, 34, 44, )
 145  2791.747465  8.442858

(2, 8, 10, 20, 26, 31, 32, 34, 44, )
 16  2859.608063  18.810710

(2, 8, 13, 24, 26, 31, 34, 44, )
 22  2832.896960  23.179873

(2, 8, 20, 26, 28, 31, 34, 44, )
 63  2806.204496  10.593120

(2, 3, 8, 24, 26, 31, 32, 34, )
 134  2796.849885  9.118226

(2, 8, 9, 10, 13, 20, 26, 28, 34, 44, )
 11  2887.983136  14.439049

(2, 8, 20, 24, 26, 28, 31, 32, 38, 44, )
 14  2889.708575  29.002531

(2, 3, 8, 26, 32, 34, )
 1887  2779.819032  2.369365

(2, 8, 13, 26, 32, 34, 44, )
 62  2807.952843  11.686668

(2, 3, 8, 24, 26, 32, 34, 44, )
 336  2793.082678  5.341858

(2, 8, 23, 24, 26, 32, 34, 44, )
 52  2812.297457  16.001138

(2, 8, 20, 23, 26, 31, 32, 34, 44, )
 3552  2776.354415  1.656957

(2, 3, 8, 26, 31, 32, 34, 44, )
 248  2803.084856  6.788650

(2, 3, 8, 13, 20, 26, 31, 32, 34, )
 40  2820.710409  16.232285

(2, 8, 13, 20, 26, 31, 32, 34, 44, )
 31  2824.639019  19.455978

