rep  sol1    obj1    sol2    obj2    sol3    obj3    
0   (10, 23, 26, 31, 34, 44, 46, 49, )
 2647.793821   (20, 23, 26, 31, 34, 44, 49, )
 2670.888348   
1   (23, 26, 31, 34, 44, 46, 49, )
 2640.610973   (10, 23, 26, 31, 34, 45, 46, 49, )
 2643.688134   
2   (20, 23, 26, 31, 34, 44, 49, )
 2679.716541   (10, 20, 23, 26, 31, 34, 45, 47, )
 2627.982661   
3   (8, 23, 26, 31, 34, 44, 46, 49, )
 2645.501617   (10, 20, 23, 26, 31, 34, 49, )
 2632.393964   
4   (20, 23, 26, 31, 34, 46, 49, )
 2630.450104   (10, 20, 23, 26, 31, 34, 49, )
 2699.277800   
5   (20, 23, 26, 31, 34, 44, 49, )
 2626.496760   (23, 26, 31, 34, 44, 46, 49, )
 2632.260257   
6   (20, 23, 26, 31, 34, 44, 46, 47, 49, )
 2654.766083   (20, 23, 26, 31, 34, 44, 49, )
 2638.365914   
7   (23, 26, 31, 34, 44, 46, 49, )
 2630.622768   (20, 23, 26, 31, 34, 44, 49, )
 2630.547527   
8   (10, 23, 26, 31, 34, 45, 46, )
 2625.181911   (23, 26, 31, 34, 44, 46, 49, )
 2642.478995   
9   (20, 23, 26, 31, 34, 44, 49, )
 2644.742408   (3, 23, 26, 32, 34, 46, 49, )
 2644.842341   
10   (20, 23, 26, 31, 34, 44, 46, 49, )
 2626.438572   (20, 23, 26, 31, 34, 44, 49, )
 2628.685739   
11   (8, 23, 26, 31, 34, 44, 46, 47, 49, )
 2628.672129   (20, 23, 26, 31, 34, 44, 49, )
 2634.671679   
12   (10, 23, 26, 31, 34, 46, 49, )
 2631.200791   (8, 10, 23, 26, 31, 34, 46, 49, )
 2634.680662   
13   (20, 23, 28, 31, 34, 44, 45, )
 2656.912341   (20, 23, 26, 31, 34, 44, 49, )
 2651.928570   
14   (20, 23, 26, 31, 34, 44, 45, 46, 47, )
 2628.643036   (10, 23, 26, 31, 34, 46, 49, )
 2686.188166   
15   (20, 23, 26, 31, 34, 44, 49, )
 2691.875241   (10, 12, 23, 26, 34, 46, )
 2636.214903   
16   (9, 23, 26, 31, 34, 44, 49, )
 2653.897719   (10, 20, 23, 26, 31, 34, 49, )
 2649.090497   
17   (8, 10, 20, 23, 26, 34, )
 2638.541694   (23, 26, 31, 34, 44, 46, 49, )
 2666.610747   
18   (20, 23, 26, 31, 34, 44, 45, 46, 49, )
 2632.161947   (10, 23, 26, 31, 34, 46, 49, )
 2642.182067   
19   (20, 23, 26, 31, 34, 44, 49, )
 2646.239819   (10, 20, 23, 26, 31, 34, 46, 47, )
 2657.488881   
20   (20, 23, 26, 31, 34, 44, 49, )
 2638.013647   (10, 23, 26, 31, 34, 46, )
 2630.772997   
21   (10, 20, 23, 26, 31, 34, 49, )
 2636.700326   (8, 10, 20, 23, 26, 31, 34, 45, 49, )
 2671.728013   
22   (20, 23, 26, 31, 34, 44, 49, )
 2651.874761   (3, 23, 26, 34, 46, 47, )
 2635.218771   
23   (20, 23, 26, 31, 34, 44, 47, 49, )
 2628.594603   (23, 26, 31, 34, 44, 46, 49, )
 2633.884855   
24   (8, 23, 26, 31, 34, 44, 46, 49, )
 2631.417383   (20, 23, 26, 31, 34, 44, 49, )
 2631.398886   
25   (20, 23, 26, 31, 34, 44, 49, )
 2632.688079   (8, 20, 23, 26, 31, 34, 44, 49, )
 2645.154067   
26   (8, 9, 23, 26, 31, 34, 44, 46, 49, )
 2644.276205   (20, 23, 26, 31, 34, 44, 49, )
 2639.000947   
27   (8, 20, 23, 26, 31, 34, 44, 49, )
 2625.024922   (20, 23, 26, 31, 34, 44, 49, )
 2628.038862   
28   (8, 10, 23, 26, 31, 34, 46, 49, )
 2645.038698   (23, 26, 31, 34, 44, 46, 49, )
 2635.319710   
29   (23, 26, 31, 34, 44, 46, 49, )
 2629.068771   (8, 10, 20, 23, 26, 31, 34, 49, )
 2652.034091   


 solution    sample_size mean    stdev
(10, 23, 26, 31, 34, 44, 46, 49, )
 10  2671.296749  3.601233

(20, 23, 26, 31, 34, 44, 49, )
 2000  2627.806110  0.289944

(23, 26, 31, 34, 44, 46, 49, )
 35  2632.161398  1.983747

(10, 23, 26, 31, 34, 45, 46, 49, )
 247  2634.328872  0.863969

(10, 20, 23, 26, 31, 34, 45, 47, )
 45  2681.213453  1.959889

(8, 23, 26, 31, 34, 44, 46, 49, )
 366  2631.048102  0.681924

(10, 20, 23, 26, 31, 34, 49, )
 1876  2628.466280  0.301866

(20, 23, 26, 31, 34, 46, 49, )
 20  2698.190370  2.403754

(20, 23, 26, 31, 34, 44, 46, 47, 49, )
 44  2634.034924  1.799286

(10, 23, 26, 31, 34, 45, 46, )
 202  2643.787637  0.950241

(3, 23, 26, 32, 34, 46, 49, )
 10  2641.570164  3.986052

(20, 23, 26, 31, 34, 44, 46, 49, )
 186  2632.917242  0.956701

(8, 23, 26, 31, 34, 44, 46, 47, 49, )
 32  2634.579838  2.245268

(10, 23, 26, 31, 34, 46, 49, )
 604  2629.047196  0.541888

(8, 10, 23, 26, 31, 34, 46, 49, )
 106  2631.308383  1.205267

(20, 23, 28, 31, 34, 44, 45, )
 10  2658.034349  5.037874

(20, 23, 26, 31, 34, 44, 45, 46, 47, )
 33  2688.449161  1.893985

(10, 12, 23, 26, 34, 46, )
 12  2689.495252  4.107891

(9, 23, 26, 31, 34, 44, 49, )
 10  2641.637167  4.338947

(8, 10, 20, 23, 26, 34, )
 11  2664.150330  2.840026

(20, 23, 26, 31, 34, 44, 45, 46, 49, )
 28  2635.445518  2.201993

(10, 20, 23, 26, 31, 34, 46, 47, )
 10  2641.031299  5.119007

(10, 23, 26, 31, 34, 46, )
 18  2643.088775  3.041845

(8, 10, 20, 23, 26, 31, 34, 45, 49, )
 10  2642.685435  4.031675

(3, 23, 26, 34, 46, 47, )
 12  2651.082720  3.715205

(20, 23, 26, 31, 34, 44, 47, 49, )
 295  2633.046131  0.780460

(8, 20, 23, 26, 31, 34, 44, 49, )
 11  2635.069405  2.957125

(8, 9, 23, 26, 31, 34, 44, 46, 49, )
 11  2639.460904  4.156162

(8, 10, 20, 23, 26, 31, 34, 49, )
 170  2631.835387  0.971739

