rep  sol1    obj1    sol2    obj2    sol3    obj3    
0   (2, 5, 8, 10, 23, 24, 26, )
 3047.728638   (2, 5, 8, 10, 20, 23, 24, 26, )
 3100.747575   
1   (3, 5, 8, 10, 14, 23, 24, 26, )
 3111.664061   (2, 5, 8, 10, 20, 23, 24, 26, )
 3114.379364   
2   (5, 8, 10, 20, 23, 24, 26, )
 3150.323195   (2, 5, 8, 10, 20, 23, 24, 26, )
 3255.249389   
3   (2, 5, 8, 10, 20, 23, 24, 26, )
 3053.430601   (5, 8, 10, 14, 20, 23, 24, 26, )
 3103.848801   
4   (2, 3, 5, 8, 10, 20, 23, 24, 26, )
 3099.532894   (2, 5, 8, 10, 20, 23, 24, 26, )
 3127.089480   
5   (2, 5, 8, 10, 14, 18, 23, 24, 26, )
 3116.298405   (2, 5, 8, 10, 20, 23, 24, 26, )
 3119.509425   
6   (5, 8, 10, 14, 23, 24, 26, )
 3131.323411   (2, 5, 8, 10, 20, 23, 24, 26, )
 3083.666323   
7   (2, 5, 8, 10, 20, 23, 24, 26, )
 3109.767207   (5, 8, 10, 14, 20, 23, 24, )
 3081.669679   
8   (2, 5, 8, 10, 14, 20, 23, 24, 26, )
 3083.146524   (2, 5, 8, 10, 20, 23, 24, 26, )
 3068.743379   
9   (5, 8, 10, 23, 24, 26, )
 3051.751289   (2, 5, 8, 10, 20, 23, 24, 26, )
 3550.725470   
10   (5, 8, 10, 14, 20, 23, 24, )
 3064.035834   (2, 5, 8, 10, 20, 23, 24, 26, )
 3101.064315   
11   (5, 8, 10, 14, 20, 23, 24, 26, )
 3157.802830   (2, 5, 8, 10, 20, 23, 24, 26, )
 3063.124085   
12   (5, 8, 10, 14, 20, 23, 24, 26, )
 3083.256855   (2, 5, 8, 9, 10, 14, 20, 23, 24, 26, )
 3053.787514   
13   (2, 5, 8, 10, 20, 23, 24, 26, )
 3085.854458   (5, 8, 10, 14, 20, 23, 24, )
 3063.020953   
14   (5, 8, 10, 14, 23, 24, 26, )
 3131.230398   (2, 5, 8, 10, 20, 23, 24, 26, )
 3061.385505   
15   (2, 5, 8, 10, 20, 23, 24, 26, )
 3086.255126   (2, 5, 8, 10, 14, 23, 24, 26, )
 3113.877647   
16   (2, 5, 8, 10, 20, 23, 24, 26, )
 3098.863691   (5, 8, 10, 11, 14, 23, 24, 26, )
 3175.500567   
17   (2, 5, 8, 10, 20, 23, 24, 26, )
 3073.713910   (2, 5, 8, 10, 11, 20, 23, 24, 26, )
 3053.358698   
18   (5, 8, 10, 14, 20, 23, 24, )
 3079.346465   (2, 5, 8, 10, 20, 23, 24, 26, )
 3108.594730   
19   (2, 5, 8, 10, 20, 23, 24, 26, )
 3051.283976   (5, 8, 10, 14, 20, 23, 24, 26, )
 3143.183983   
20   (2, 5, 8, 10, 14, 20, 23, 24, )
 3098.201018   (2, 5, 8, 10, 20, 23, 24, 26, )
 3086.281468   
21   (5, 8, 10, 14, 20, 23, 24, 26, )
 3029.046610   (2, 5, 8, 10, 14, 23, 24, 26, )
 3052.038741   
22   (2, 5, 8, 10, 20, 23, 24, 26, )
 3040.136191   (5, 8, 10, 14, 23, 24, 26, )
 3110.425569   
23   (5, 8, 10, 14, 20, 23, 24, )
 3108.104598   (2, 5, 8, 10, 20, 23, 24, 26, )
 3106.446319   
24   (5, 6, 8, 9, 10, 14, 20, 23, 24, )
 3076.278932   (2, 5, 8, 10, 20, 23, 24, 26, )
 3194.228751   
25   (5, 8, 10, 14, 20, 23, 24, 26, )
 3075.204025   (2, 5, 8, 10, 14, 20, 23, 24, 26, )
 3228.256021   
26   (5, 8, 10, 14, 23, 24, 26, )
 3060.796854   (2, 5, 8, 10, 20, 23, 24, 26, )
 3032.029167   
27   (2, 5, 8, 10, 20, 23, 24, 26, )
 3057.506072   (5, 8, 10, 14, 23, 24, 26, )
 3541.766444   
28   (2, 5, 8, 10, 20, 23, 24, 26, )
 3078.745529   (5, 8, 10, 14, 20, 23, 24, )
 3091.782554   
29   (5, 8, 10, 14, 20, 23, 24, 26, )
 3166.159278   (2, 5, 8, 10, 20, 23, 24, 26, )
 3066.836464   


 solution    sample_size mean    stdev
(2, 5, 8, 10, 23, 24, 26, )
 200  3116.685757  8.555336

(2, 5, 8, 10, 20, 23, 24, 26, )
 4000  3051.934986  1.766602

(3, 5, 8, 10, 14, 23, 24, 26, )
 78  3093.158041  13.620561

(5, 8, 10, 20, 23, 24, 26, )
 10  3195.561328  29.569995

(5, 8, 10, 14, 20, 23, 24, 26, )
 1593  3059.418848  2.739039

(2, 3, 5, 8, 10, 20, 23, 24, 26, )
 58  3096.085293  14.918081

(2, 5, 8, 10, 14, 18, 23, 24, 26, )
 18  3134.105455  27.849650

(5, 8, 10, 14, 23, 24, 26, )
 663  3061.742478  4.300572

(5, 8, 10, 14, 20, 23, 24, )
 60  3098.721182  14.784737

(2, 5, 8, 10, 14, 20, 23, 24, 26, )
 3395  3056.686854  1.854069

(5, 8, 10, 23, 24, 26, )
 167  3563.704253  10.434929

(2, 5, 8, 9, 10, 14, 20, 23, 24, 26, )
 88  3085.228692  10.355573

(2, 5, 8, 10, 14, 23, 24, 26, )
 232  3074.783121  7.060171

(5, 8, 10, 11, 14, 23, 24, 26, )
 206  3080.129780  8.073740

(2, 5, 8, 10, 11, 20, 23, 24, 26, )
 345  3081.399528  6.000690

(2, 5, 8, 10, 14, 20, 23, 24, )
 84  3095.461717  12.080299

(5, 6, 8, 9, 10, 14, 20, 23, 24, )
 13  3187.840912  23.129670

