(5, 7, 9, 11, 13, 21, 23, 26, )
(5, 7, 9, 11, 13, 21, 23, 26, )
(1, 3, 5, 7, 9, 11, 20, 23, 26, )
(5, 7, 9, 11, 13, 21, 23, 26, )
(5, 7, 9, 11, 13, 21, 23, 26, )
(5, 7, 9, 11, 13, 21, 23, 26, )
(1, 5, 7, 9, 11, 13, 20, 23, 26, )
(1, 5, 7, 9, 11, 13, 20, 23, 26, )
(1, 5, 7, 9, 11, 13, 20, 23, 26, )
(1, 5, 7, 9, 11, 13, 20, 23, 26, )
(5, 7, 9, 11, 13, 21, 23, 26, )
(5, 7, 9, 11, 13, 21, 23, 26, )
(1, 3, 5, 7, 9, 11, 20, 23, 26, )
(1, 5, 7, 9, 11, 13, 20, 23, 26, )
(1, 3, 5, 7, 9, 11, 20, 23, 26, )
(5, 7, 9, 11, 13, 21, 23, 26, )
(1, 5, 7, 9, 11, 13, 20, 23, 26, )
(5, 7, 9, 11, 13, 21, 23, 26, )
(1, 5, 7, 9, 11, 13, 20, 23, 26, )
(5, 7, 9, 11, 13, 21, 23, 26, )
(5, 7, 9, 11, 13, 21, 23, 26, )
(5, 7, 9, 11, 13, 21, 23, 26, )
(5, 7, 9, 11, 13, 21, 23, 26, )
(5, 7, 9, 11, 13, 21, 23, 26, )
(5, 7, 9, 11, 13, 21, 23, 26, )
(5, 7, 9, 11, 13, 21, 23, 26, )
(1, 5, 7, 9, 11, 13, 20, 23, 26, )
(5, 7, 9, 11, 13, 21, 23, 26, )
(1, 5, 7, 9, 11, 13, 20, 23, 26, )
(5, 7, 9, 11, 13, 21, 23, 26, )

----------------------------------------- Final solution by OCBA method(1-indexed) --------------------------------------

(5, 7, 9, 11, 13, 21, 23, 26, )
