rep  sol1    obj1    sol2    obj2    sol3    obj3    
0   (5, 7, 9, 11, 13, 21, 23, 26, )
 3258.437506   (1, 5, 7, 9, 13, 21, 23, 26, )
 3223.177450   
1   (1, 5, 6, 7, 9, 11, 13, 20, 23, 26, )
 3221.332769   (5, 7, 9, 11, 13, 21, 23, 26, )
 3245.923269   
2   (1, 3, 5, 7, 8, 9, 11, 23, 26, )
 3308.466221   (1, 3, 5, 7, 9, 11, 20, 23, 26, )
 3229.192747   
3   (1, 5, 7, 8, 9, 11, 13, 23, 26, )
 3226.087598   (5, 7, 9, 11, 13, 21, 23, 26, )
 3230.169297   
4   (5, 7, 9, 11, 13, 21, 23, 26, )
 3225.315097   (1, 5, 7, 9, 11, 13, 18, 23, 26, )
 3246.986988   
5   (1, 3, 5, 7, 9, 11, 23, 26, )
 3249.825266   (5, 7, 9, 11, 13, 21, 23, 26, )
 3225.409424   
6   (1, 5, 7, 9, 11, 13, 20, 23, 26, )
 3285.541449   (1, 5, 6, 7, 9, 11, 18, 23, 26, )
 3226.661986   
7   (1, 3, 5, 7, 9, 23, 26, )
 3434.034363   (1, 5, 7, 9, 11, 13, 20, 23, 26, )
 3233.179325   
8   (1, 3, 5, 6, 7, 9, 11, 23, 26, )
 3225.981086   (1, 5, 7, 9, 11, 13, 20, 23, 26, )
 3249.391632   
9   (1, 5, 7, 9, 11, 13, 20, 23, 26, )
 3222.178673   (1, 5, 7, 9, 11, 13, 18, 23, 26, )
 3253.985958   
10   (1, 5, 7, 8, 9, 23, 26, )
 3251.565294   (5, 7, 9, 11, 13, 21, 23, 26, )
 3272.908124   
11   (5, 7, 9, 11, 13, 21, 23, 26, )
 3225.927249   (1, 5, 7, 9, 11, 13, 23, 26, )
 3248.370885   
12   (3, 5, 7, 9, 11, 21, 23, 26, )
 3223.321076   (1, 3, 5, 7, 9, 11, 20, 23, 26, )
 3227.620179   
13   (1, 5, 7, 9, 11, 13, 20, 23, 26, )
 3250.091263   (1, 5, 6, 7, 9, 11, 13, 18, 23, 26, )
 3265.096048   
14   (1, 5, 6, 7, 9, 11, 13, 18, 23, 26, )
 3222.689594   (1, 3, 5, 7, 9, 11, 20, 23, 26, )
 3257.436703   
15   (1, 3, 5, 7, 9, 11, 18, 23, 26, )
 3310.317767   (5, 7, 9, 11, 13, 21, 23, 26, )
 3231.488669   
16   (1, 3, 5, 7, 8, 9, 11, 23, 26, )
 3231.354639   (1, 5, 7, 9, 11, 13, 20, 23, 26, )
 3234.462560   
17   (5, 7, 9, 11, 13, 21, 23, 26, )
 3230.822797   (5, 7, 9, 13, 19, 21, 23, 26, )
 3245.923269   
18   (5, 6, 7, 9, 11, 13, 14, 26, )
 3270.109953   (1, 5, 7, 9, 11, 13, 20, 23, 26, )
 3310.853240   
19   (1, 3, 5, 7, 9, 11, 20, 23, 26, )
 3236.675438   (5, 7, 9, 11, 13, 21, 23, 26, )
 3223.316805   
20   (1, 3, 5, 7, 9, 11, 20, 23, 26, )
 3242.898807   (5, 7, 9, 11, 13, 21, 23, 26, )
 3221.473863   
21   (5, 7, 9, 11, 13, 21, 23, 26, )
 3243.157423   (1, 3, 5, 7, 9, 23, 26, )
 3225.660298   
22   (5, 7, 9, 11, 13, 21, 23, 26, )
 3226.710064   (1, 5, 7, 9, 11, 13, 18, 23, 26, )
 3219.864849   
23   (1, 5, 7, 9, 11, 13, 17, 19, 21, 23, )
 3217.290291   (5, 7, 9, 11, 13, 21, 23, 26, )
 3338.824962   
24   (1, 5, 7, 9, 13, 20, 23, 26, )
 3221.801550   (5, 7, 9, 11, 13, 21, 23, 26, )
 3230.772150   
25   (5, 7, 9, 11, 13, 21, 23, 26, )
 3248.765190   (1, 5, 6, 7, 9, 11, 13, 23, 26, )
 3217.297025   
26   (1, 5, 7, 9, 11, 13, 20, 23, 26, )
 3226.653086   (1, 3, 5, 7, 9, 11, 23, 26, )
 3327.001357   
27   (5, 6, 7, 9, 13, 21, 26, )
 3227.173416   (5, 7, 9, 11, 13, 21, 23, 26, )
 3316.925691   
28   (1, 5, 7, 9, 11, 13, 18, 23, 26, )
 3223.761631   (1, 5, 7, 9, 11, 13, 20, 23, 26, )
 3227.373472   
29   (5, 7, 9, 11, 13, 21, 23, 26, )
 3226.591471   (1, 5, 7, 9, 11, 13, 18, 23, 26, )
 3238.856217   


 solution    sample_size mean    stdev
(5, 7, 9, 11, 13, 21, 23, 26, )
 4000  3218.760916  0.231738

(1, 5, 7, 9, 13, 21, 23, 26, )
 10  3257.083740  6.414786

(1, 5, 6, 7, 9, 11, 13, 20, 23, 26, )
 10  3243.573140  3.275493

(1, 3, 5, 7, 8, 9, 11, 23, 26, )
 23  3229.865530  3.138399

(1, 3, 5, 7, 9, 11, 20, 23, 26, )
 388  3220.587916  0.752504

(1, 5, 7, 8, 9, 11, 13, 23, 26, )
 16  3229.305921  3.341212

(1, 5, 7, 9, 11, 13, 18, 23, 26, )
 138  3225.434685  1.188813

(1, 3, 5, 7, 9, 11, 23, 26, )
 161  3222.793641  1.179013

(1, 5, 7, 9, 11, 13, 20, 23, 26, )
 3846  3219.173807  0.229384

(1, 5, 6, 7, 9, 11, 18, 23, 26, )
 10  3286.763005  4.681323

(1, 3, 5, 7, 9, 23, 26, )
 10  3235.041169  3.643923

(1, 3, 5, 6, 7, 9, 11, 23, 26, )
 10  3251.092118  4.945913

(1, 5, 7, 8, 9, 23, 26, )
 10  3259.613951  6.708339

(1, 5, 7, 9, 11, 13, 23, 26, )
 12  3226.414945  2.882813

(3, 5, 7, 9, 11, 21, 23, 26, )
 11  3228.481890  3.382795

(1, 5, 6, 7, 9, 11, 13, 18, 23, 26, )
 10  3250.921942  2.754018

(1, 3, 5, 7, 9, 11, 18, 23, 26, )
 10  3236.504366  3.074152

(5, 7, 9, 13, 19, 21, 23, 26, )
 23  3227.874794  2.230390

(5, 6, 7, 9, 11, 13, 14, 26, )
 10  3314.421520  3.942104

(1, 5, 7, 9, 11, 13, 17, 19, 21, 23, )
 261  3341.137822  0.891703

(1, 5, 7, 9, 13, 20, 23, 26, )
 10  3234.162623  4.785192

(1, 5, 6, 7, 9, 11, 13, 23, 26, )
 259  3253.496819  0.870860

(5, 6, 7, 9, 13, 21, 26, )
 10  3318.146603  4.420377

