(20, 23, 26, 31, 34, 44, 49, )
(23, 26, 31, 34, 44, 46, 49, )
(23, 26, 31, 34, 44, 46, 49, )
(23, 26, 31, 34, 44, 46, 47, 49, )
(20, 23, 26, 31, 34, 44, 49, )
(23, 26, 31, 34, 44, 45, 46, 49, )
(20, 23, 26, 31, 34, 44, 49, )
(20, 23, 26, 31, 34, 44, )
(20, 23, 26, 31, 34, 44, 45, 49, )
(23, 26, 31, 34, 44, 46, 49, )
(20, 23, 26, 31, 34, 44, 49, )
(23, 26, 31, 34, 44, 46, )
(20, 23, 26, 31, 34, 44, 49, )
(20, 23, 26, 31, 34, 44, 49, )
(20, 23, 26, 31, 34, 44, 49, )
(23, 26, 31, 34, 44, 46, 49, )
(23, 26, 31, 34, 44, 46, 49, )
(23, 26, 31, 34, 44, 46, 49, )
(23, 26, 31, 34, 44, 46, 49, )
(23, 26, 31, 34, 44, 46, 49, )
(23, 26, 31, 34, 44, 46, 49, )
(20, 23, 26, 31, 34, 44, 49, )
(20, 23, 26, 31, 34, 44, 49, )
(20, 23, 26, 31, 34, 44, 49, )
(20, 23, 26, 31, 34, 44, )
(23, 26, 31, 34, 44, 46, 49, )
(20, 23, 26, 31, 34, 44, 49, )
(20, 23, 26, 31, 34, 44, 49, )
(23, 26, 31, 34, 44, 46, 49, )
(20, 23, 26, 31, 34, 44, 49, )

----------------------------------------- Final solution by OCBA method(1-indexed) --------------------------------------

(23, 26, 31, 34, 44, 46, 49, )
