rep  sol1    obj1    sol2    obj2    sol3    obj3    
0   (20, 23, 31, 32, 34, 44, 49, )
 2607.067013   (20, 23, 26, 31, 34, 44, 49, )
 2610.602560   
1   (20, 23, 26, 34, 44, 46, 49, )
 2645.260448   (23, 26, 31, 34, 44, 46, 49, )
 2652.277502   
2   (20, 23, 26, 31, 34, 44, 46, 49, )
 2668.234993   (23, 26, 31, 34, 44, 46, 49, )
 2636.407542   
3   (23, 26, 31, 34, 44, 46, 47, 49, )
 2698.248873   (8, 10, 23, 26, 34, 44, 46, 49, )
 2633.484649   
4   (23, 26, 31, 34, 44, 45, 46, 49, )
 2616.570003   (20, 23, 26, 31, 34, 44, 49, )
 2610.814686   
5   (23, 26, 31, 34, 44, 45, 46, 49, )
 2644.698535   (3, 8, 20, 23, 26, 34, 45, 46, 49, )
 2640.087987   
6   (8, 10, 23, 26, 34, 44, 46, 49, )
 2611.077740   (20, 23, 26, 31, 34, 44, 49, )
 2660.209741   
7   (20, 23, 26, 31, 34, 44, )
 2647.890557   (23, 28, 31, 34, 44, 46, )
 2644.025868   
8   (20, 23, 26, 32, 34, 44, )
 2633.073601   (20, 23, 26, 31, 34, 44, 45, 49, )
 2662.116811   
9   (8, 23, 26, 31, 34, 44, 45, 46, 49, )
 2789.795884   (23, 26, 31, 34, 44, 46, 49, )
 2634.096004   
10   (20, 23, 26, 31, 34, 44, 49, )
 2619.793467   (20, 23, 26, 31, 34, 44, 45, 49, )
 2632.324907   
11   (23, 26, 31, 34, 44, 46, )
 2596.427943   (20, 23, 26, 31, 34, 44, )
 2711.716127   
12   (3, 8, 23, 26, 31, 34, 46, )
 2613.366944   (20, 23, 26, 31, 34, 44, 49, )
 2648.224552   
13   (20, 23, 26, 31, 34, 44, 49, )
 2688.421789   (20, 23, 26, 31, 34, 49, )
 2629.725463   
14   (20, 23, 26, 31, 34, 44, 49, )
 2610.495166   (20, 23, 26, 31, 34, 44, 46, 49, )
 2613.819724   
15   (23, 26, 31, 34, 44, 46, 49, )
 2623.870555   (8, 20, 23, 26, 31, 34, 44, 49, )
 2623.799033   
16   (23, 26, 31, 34, 44, 46, 49, )
 2617.632186   (8, 20, 23, 26, 31, 34, 44, 49, )
 2632.560177   
17   (23, 26, 31, 34, 44, 46, 49, )
 2675.178314   (3, 8, 23, 26, 31, 34, 46, )
 2636.283240   
18   (23, 26, 31, 34, 44, 46, 49, )
 2647.586768   (3, 20, 23, 26, 34, 46, )
 2629.842829   
19   (23, 26, 31, 34, 44, 46, 49, )
 2603.655485   (3, 20, 23, 26, 34, )
 2603.646264   
20   (23, 26, 31, 34, 44, 46, 49, )
 2614.516297   (23, 26, 31, 34, 44, 45, 46, 49, )
 2617.505325   
21   (8, 20, 23, 26, 31, 34, 44, 49, )
 2717.160133   (20, 23, 26, 31, 34, 44, 49, )
 2642.343952   
22   (8, 23, 26, 34, 44, )
 2716.467088   (20, 23, 26, 31, 34, 44, 49, )
 2734.004187   
23   (23, 26, 31, 34, 44, 46, 49, )
 2631.182956   (20, 23, 26, 31, 34, 44, 49, )
 2605.897314   
24   (20, 23, 26, 31, 34, 44, )
 2659.907154   (3, 23, 26, 31, 34, 44, 46, )
 2646.394627   
25   (23, 26, 31, 34, 44, 46, 49, )
 2586.565770   (8, 23, 26, 31, 34, 44, 46, 49, )
 2589.343756   
26   (3, 23, 26, 31, 34, 44, 46, )
 2598.735838   (20, 23, 26, 31, 34, 44, 49, )
 2630.911867   
27   (3, 23, 26, 34, 46, )
 2607.396349   (20, 23, 26, 31, 34, 44, 49, )
 2612.969917   
28   (23, 26, 34, 44, 46, 49, )
 2645.697560   (23, 26, 31, 34, 44, 46, 49, )
 2646.270703   
29   (20, 23, 26, 31, 34, 44, 49, )
 2698.522514   (3, 8, 12, 23, 32, 34, 44, 46, )
 2659.783553   


 solution    sample_size mean    stdev
(20, 23, 31, 32, 34, 44, 49, )
 403  2633.950638  4.323993

(20, 23, 26, 31, 34, 44, 49, )
 5995  2620.084568  1.164279

(20, 23, 26, 34, 44, 46, 49, )
 333  2633.979925  4.962166

(23, 26, 31, 34, 44, 46, 49, )
 8000  2617.813622  0.984087

(20, 23, 26, 31, 34, 44, 46, 49, )
 3095  2621.062480  1.583167

(23, 26, 31, 34, 44, 46, 47, 49, )
 1030  2624.053512  2.705289

(8, 10, 23, 26, 34, 44, 46, 49, )
 14  2680.457278  19.940702

(23, 26, 31, 34, 44, 45, 46, 49, )
 2455  2621.320514  1.727702

(3, 8, 20, 23, 26, 34, 45, 46, 49, )
 39  2647.463388  12.334510

(20, 23, 26, 31, 34, 44, )
 30  2668.424085  16.275577

(23, 28, 31, 34, 44, 46, )
 102  2642.576532  9.243945

(20, 23, 26, 32, 34, 44, )
 100  2644.565003  10.562434

(20, 23, 26, 31, 34, 44, 45, 49, )
 3755  2620.804341  1.455388

(8, 23, 26, 31, 34, 44, 45, 46, 49, )
 263  2631.203341  5.174907

(23, 26, 31, 34, 44, 46, )
 245  2631.952442  5.915656

(3, 8, 23, 26, 31, 34, 46, )
 17  2685.623272  26.756521

(20, 23, 26, 31, 34, 49, )
 15  2675.368609  20.139294

(8, 20, 23, 26, 31, 34, 44, 49, )
 1397  2625.137907  2.389635

(3, 20, 23, 26, 34, 46, )
 15  2686.303097  23.317437

(3, 20, 23, 26, 34, )
 244  2632.537664  5.926316

(8, 23, 26, 34, 44, )
 10  2719.250916  31.236992

(3, 23, 26, 31, 34, 44, 46, )
 293  2653.306439  5.520334

(8, 23, 26, 31, 34, 44, 46, 49, )
 946  2625.357112  2.866135

(3, 23, 26, 34, 46, )
 469  2629.754737  4.672230

(23, 26, 34, 44, 46, 49, )
 330  2629.131707  4.772325

(3, 8, 12, 23, 32, 34, 44, 46, )
 14  2676.422091  20.266656

